425	172	4.375429596077607
425	313	3.944294946183208
425	322	2.652232663333982
425	250	3.5808207897821807
425	259	2.8341133410436985
425	759	2.1627492264955976
425	429	3.7663309482511664
425	323	2.4256729308926204
425	56	4.277364376855099
425	39	3.14441107744993
425	281	3.11870769175944
425	185	4.0523549628213615
425	424	1.2656754953718394
425	83	4.183894834951975
425	475	4.224064092207926
425	1314	1.4056933730930656
425	227	3.063506249549055
425	210	4.011117441548399
425	273	3.798665306842314
425	318	4.574124868609846
425	38	2.9437919074528507
425	271	3.3308596586347683
425	825	3.0928482594024578
425	191	4.309638732550603
425	183	4.05773738786625
425	748	2.9420683452727863
311	367	3.431059029408526
311	469	3.6816004473607817
311	451	3.538059697371587
311	204	3.933178273388783
311	671	3.5133364241855403
311	9	3.60591009375927
311	28	4.069770725721751
311	528	4.262908944386443
311	1035	3.430442842639195
311	785	3.2078190025929185
311	178	4.4458826099356825
311	365	2.980367036708526
311	213	4.145532618302315
311	470	3.8047793044993767
311	329	3.1304450379067674
311	431	3.529748233810225
311	62	3.166119854867138
311	141	3.5889807649150587
311	265	4.124278918634069
311	58	3.6806337683689727
311	1046	3.1680211850938673
311	1479	2.5451750841083878
311	318	4.473642615412845
311	73	3.8359454147359195
311	232	3.4535943896136927
311	849	2.9537331049982027
311	143	3.968212732088993
311	134	3.9396702207315464
311	195	4.071937531176311
311	315	4.051770183220214
311	679	2.921742340609641
311	117	3.8678829463825672
311	748	2.959154337751379
311	188	3.518066498187383
311	348	3.241358906963155
311	1	3.7549515730412324
311	432	3.4657308028454294
311	715	2.9306113273588146
311	205	3.820633742575601
311	403	3.620214599201145
311	211	3.6358926926550685
311	720	3.2119946213439787
311	5	3.1998920912011113
311	723	2.9294039811606107
311	136	4.084865139639579
311	425	3.3642987418527186
311	22	4.295486172852996
311	172	4.3207760465577065
311	15	4.070915681250642
311	233	3.4631053004184227
311	174	4.5459433927993835
311	86	3.7571811342011685
311	234	3.816787245813186
311	83	4.1789646703013865
311	627	3.28831042450511
311	1116	3.541183574259548
311	208	4.045942099027119
311	515	4.189509722442232
311	50	4.2533459818784864
311	1222	2.527686049552383
311	89	4.115831577514253
311	385	3.97585653002722
311	71	4.096345141953944
311	1232	2.0008661701936172
311	592	3.4955356277429774
311	518	3.6099629003910905
311	471	3.7099828583259167
311	526	3.750225468901654
311	568	3.6851286036560786
311	43	3.1058735912311124
311	708	3.356895209383364
311	275	4.030859768598318
311	326	3.309639554390615
311	125	3.7956109680845396
311	420	3.5873562855582173
311	965	3.8888147652668446
311	94	3.2890641834434975
311	378	3.710224654207224
311	566	3.6239932644800987
311	505	4.036143151873095
311	98	4.203365637984471
311	161	3.8172257168358947
311	179	3.6965434155570374
311	187	4.173211318022488
311	322	3.3628692675463365
311	654	3.771696029559318
311	68	3.634759799106738
311	751	3.588432923635232
311	366	3.2102836715822862
311	845	3.4464740803782514
311	226	3.4737130375870473
311	484	4.116632746225695
311	553	3.4956355640235635
311	642	3.3245432801854555
311	527	4.134708234136657
311	480	4.311726980992986
311	180	3.654174615602712
311	778	3.7348191019159658
311	38	3.2173477031033326
311	99	3.549086802006166
311	661	4.016129089422956
311	951	2.724024672399207
311	716	2.6963243040321005
311	576	2.9323938334503308
311	387	3.0506855753501494
311	493	3.918864960808174
311	491	3.614682724655462
311	495	3.747288153175863
311	510	3.7282647907258375
311	44	3.146417297955225
311	588	3.8065777944460635
311	1093	3.518099451083782
311	662	3.4972459020237423
311	604	3.9147072301774144
311	921	4.228546115211632
311	193	3.939817372702791
311	559	3.071133422064146
311	200	3.962139502520127
311	41	3.1814369595720327
311	433	3.2451416211338686
311	132	4.1219652807214775
311	761	3.3913081025806355
311	199	3.965617531845623
311	310	3.7405754244141036
311	203	3.6552620780084166
311	181	4.041186513692644
311	523	4.0462613655040345
311	692	3.8305159362007486
311	482	3.82420532756271
311	239	3.7443108701027024
311	946	3.454967296801408
311	941	3.120401714458375
311	70	3.8523512837176646
311	82	3.886732911421466
311	168	3.8950102224673886
311	419	3.8484961120729513
311	212	3.914555788259042
311	775	2.617455045256455
311	229	3.3281630070300583
311	258	3.573130378990305
311	418	3.5413252209498136
311	485	3.95294383735014
311	118	3.4679877209381957
311	386	2.4851861205234003
311	183	4.021168955273325
311	402	3.72245953094693
394	1079	2.1213359052978977
394	773	2.9372471183811966
394	181	4.186224935800043
394	508	3.4316954739127032
394	161	3.2749325020761297
394	979	3.3062499618695207
394	1210	2.4098471119431393
394	121	3.394856256101024
394	450	2.096089831129665
394	174	4.457490859658161
394	88	3.4754458332405074
394	97	3.765522089202409
394	559	3.4503085012948906
394	42	3.8187409866577067
394	67	2.890170507727495
394	217	3.5633425947505555
394	423	3.8042728777548986
394	227	3.171489746303447
394	232	3.2357548260804485
394	552	2.778182889440638
394	218	3.396422080217436
394	228	3.950633088042894
394	568	3.640601394916703
394	117	3.6090339091906447
264	436	3.6151386924527245
264	216	4.037613125809133
264	451	2.9653869741570507
264	1270	2.0069941522824792
264	671	3.65783079730436
264	659	4.048246662904947
264	208	4.078234274484026
264	294	3.146370268119207
264	238	4.139913071717432
264	56	4.3412186588336885
264	25	3.6094852426747974
264	654	3.8411863889188145
264	516	3.465354527687147
264	382	3.7414515889280264
264	559	3.0671335548482186
264	524	4.122793230350807
264	1225	2.5404277242548865
264	320	4.425091003113942
264	558	3.3401860390245957
264	709	4.048799683249741
264	606	4.282559289731416
264	33	3.1838579815551245
264	175	3.677975418488999
264	672	2.8516742708570937
264	792	3.7846187491085295
264	42	3.864794236362976
264	813	3.85226987770785
264	504	3.6960771362192433
264	203	3.3271804710150503
264	1103	3.748011586653645
264	443	3.945096234521803
264	153	3.812249568935362
264	745	3.6041218346838315
264	721	3.208545127521984
264	200	3.8470748667421333
264	844	3.5641752148408132
264	433	3.693312453712437
264	4	3.483988428920125
264	345	3.1575277985480317
264	1069	3.23764278248597
264	230	3.361656383007373
264	448	3.4227267082697153
264	12	4.39743922087692
264	762	3.61568240071668
264	475	3.804280696026609
264	602	3.8102241931955327
264	70	3.646057313799771
264	168	4.058940970840851
264	219	3.6155326279425433
264	183	4.100739798078351
264	401	2.7312245191783977
264	283	3.7978377502088523
264	381	3.3889395949790337
264	683	2.5333227460659558
264	655	4.019961335721234
264	179	3.7656813197122605
264	210	3.996754383382938
177	334	3.6284938397765325
177	100	4.231886194183744
177	182	4.302409852280843
177	321	3.2924561465281017
177	919	4.269783657125973
177	508	3.8984594577922254
177	294	3.607263034262633
177	403	3.5249347393513815
177	124	4.091981890984508
177	56	4.251760757552234
177	1039	4.121407576950267
177	336	2.502256337294912
177	338	2.587680602751775
177	1067	3.395643440932437
177	175	3.499430959423973
177	470	3.450851378629545
177	150	3.759711861095471
177	651	4.091865663059674
177	47	3.873989948040313
177	289	2.9366702614531857
177	243	1.8180742708013298
177	260	2.7009144161057987
177	318	4.5087981136103235
177	333	3.5642241785577453
177	271	2.9787729083508507
177	1	3.929293213836822
177	195	4.017818582038852
177	59	3.6869819073788435
177	22	3.8576191873137846
177	172	4.491496179052996
177	203	3.924598216813185
177	689	2.8508905184725797
177	270	3.588373251221275
177	69	3.784578925345891
177	87	3.779818989609857
177	197	4.235997888177832
177	245	3.1244237056762607
177	960	3.629399273880925
177	433	3.739337163301048
177	79	4.151961328724385
177	475	4.303422883747812
177	89	4.2070388246949895
177	168	4.039241005784646
177	209	4.011049290893019
177	198	4.049553908922925
177	948	1.9977482079154298
177	878	2.713741878297137
177	179	4.2878474581619255
177	276	3.694228606890616
177	300	3.5571931947931814
177	196	3.759641637464444
177	299	2.690771784880355
231	126	4.152377099478904
231	252	2.825166458852335
231	151	3.780842266827364
231	476	3.096226259393929
231	121	3.204862210699727
231	924	3.0412160774158945
231	846	2.8484589337531303
231	181	4.033333333333333
231	127	4.3
231	405	2.888137661644212
231	748	2.9595436628552765
357	222	3.881636123496023
357	334	3.5308804061207635
357	742	3.5509062553555646
357	928	2.9811326821174715
357	235	2.986355735513752
357	118	3.4259910594086898
357	294	3.659096794562634
357	1095	2.912693301230327
357	866	3.6936065949665875
357	287	3.3116919824536235
357	833	2.99672839243427
357	713	3.579485358794176
357	291	3.1881894484010678
357	984	2.873981537512052
357	237	3.678683578091107
357	284	3.4303814176480034
357	977	2.941179695373135
357	258	3.9662675136619825
357	125	3.7829376914178487
357	819	2.403419767915382
357	864	3.146928862770151
357	7	3.62495000161968
357	326	3.364129814257176
357	405	3.311612607752821
330	747	3.6265751093749534
330	596	3.187059097270394
330	255	3.6313300761165186
330	204	3.9467011303024764
330	549	3.580334637988304
330	235	2.70654444906932
330	1016	3.6036996485610455
330	161	3.7880485692073647
330	1028	3.532648872883202
330	465	3.8496345964840355
330	527	4.198084706881027
330	1044	3.1369991529666
330	97	4.051455861690811
330	66	3.678917875601724
330	823	2.927510344016193
330	73	3.6505210016884138
330	58	3.6279337625680266
330	845	3.2207685361998815
330	71	4.189603365514462
330	213	4.3270136546730935
330	47	3.533924372249275
330	277	3.8353020120860055
330	286	3.7184195337837678
330	133	4.061073756132149
330	485	3.8257243165777206
330	575	2.735890567034725
330	692	3.6020382808893587
330	427	4.435800301608777
330	51	3.4193543467697443
330	215	3.888226679975129
330	172	4.210506718963981
330	44	3.574441426024729
330	588	3.8894831399889096
330	153	3.458985911056262
330	393	3.961775071794976
330	193	3.966267305738722
330	603	4.21621134830021
330	200	3.9552716710507356
330	95	4.094573628264776
330	136	4.010069544540685
330	22	4.4680573176373874
330	11	4.23979743213783
330	8	3.907512584218118
330	181	4.157115666106911
330	763	3.5085409620425643
330	174	4.219266071033568
330	88	3.8252677118254654
330	70	3.853353354283845
330	208	4.10972430813744
330	50	4.429812866268762
330	584	3.3629169669913215
330	473	3.0798861211814597
330	419	3.944980806458032
330	447	3.283032379952701
330	38	3.085428675737186
330	418	3.5393650903379377
330	80	2.615900975790244
330	77	3.7389169526365285
330	121	3.9945065122037837
330	275	3.8175925159634776
330	72	3.091380984681097
330	570	3.0087016655055407
160	56	3.89787173278206
160	79	4.051843368577333
160	135	3.9279963480143607
160	1016	3.4557291501452525
160	93	3.8048644601054384
160	124	4.1559989759582425
160	160	3.5419789706568405
160	23	4.3533547822775915
160	693	3.9035633178337226
160	969	3.861485667115864
160	484	4.30781103884199
160	1223	2.9999999999999996
160	1019	3.6412949642798154
160	3	2.662455203541712
160	4	3.552376825094531
160	123	3.108522237186272
160	175	3.9433114900380706
160	32	3.721777217251713
160	430	4.1140208862291825
160	460	3.234219071292082
160	218	3.3608031236855322
160	1	3.900982609206385
160	24	3.4783713628927146
160	230	3.166787599336175
160	7	3.7397727964302003
160	117	3.8954649771493415
160	234	4.156333455653775
160	432	3.720565984557272
160	137	4.311714321659905
160	604	4.1295251147103915
160	447	3.222403373203507
160	762	3.3677923422565113
160	118	2.9840858796205727
160	926	2.7420509367669554
160	462	3.704213128730512
160	864	3.03164232027218
160	463	3.7009213525475007
160	1073	3.6469992178829984
160	174	4.067250012742327
160	719	2.3533862874395743
160	126	3.6453406888158484
160	475	3.9198268971719883
160	161	3.269437348991314
160	50	4.097955925724176
160	544	3.19444590941105
160	209	3.9718404448602906
160	21	3.0434940368233905
160	328	3.2148453638933807
160	603	4.440140933510707
160	564	1.5586509948383676
160	228	3.539746233847137
160	412	2.3561416893724108
160	109	3.1361386170451993
160	187	4.302508314930331
26	871	2.0388304872494403
26	979	3.306775946254093
26	269	4.024813603247065
26	742	3.365900292248521
26	597	2.7843057906096567
26	321	2.93686211481665
26	455	3.3954962153168626
26	255	2.9276480575235624
26	864	2.8864694151633694
26	410	3.2095623343928135
26	508	3.7592805135522553
26	9	3.9896005776405383
26	1016	3.3189955515369647
26	294	2.871050301815633
26	685	3.442674996330653
26	322	2.9929398762970463
26	25	3.550964955891451
26	926	2.4707663958700605
26	343	3.1164456422059006
26	15	4.255632419214095
26	235	2.928930220399133
26	13	3.1733356030166995
26	100	4.107216096990324
26	930	2.7974920862770367
26	240	2.7531842041841563
26	257	3.7394199028699684
26	1009	3.204548537453074
26	237	3.3433909784752793
26	292	3.596160973447169
26	476	2.8206370571046206
26	1015	3.37700275722315
26	333	3.2052849937954346
26	1008	3.332749894696622
26	258	3.9418957345841354
26	286	3.615668591120878
26	117	3.884928884567332
26	150	3.644057265058438
26	315	4.059228420459619
26	7	3.865122979644829
26	127	3.7798931801876323
26	125	3.597099164381983
213	841	2.6918360820575566
213	100	4.167521294998
213	628	3.436974346845322
213	204	3.763873093805977
213	135	3.888768497243794
213	8	3.948675234451067
213	294	3.092322010147508
213	234	4.091369438817155
213	274	3.265188135463055
213	692	3.558566628675548
213	25	3.660124093483578
213	2	2.919490709912409
213	1215	1.8436852661700258
213	13	3.359713188233817
213	281	2.959953074468781
213	97	3.6607626662560917
213	144	3.8082901578595916
213	151	3.493720089744958
213	180	4.306498893054088
213	273	3.721294930510277
213	684	3.583478502310448
213	603	4.4961429886296935
213	318	4.450274434975528
213	546	3.0068517693623975
213	133	3.9377591143112003
213	1	3.954349694386676
213	509	3.8515160166249403
213	448	3.3850405977908724
213	173	4.061082113775253
213	678	3.3462633050220263
213	172	4.571664229794311
213	176	4.169480369241236
213	591	3.7103787030139666
213	715	3.466695300956032
213	193	3.9630988904044337
213	12	4.4212269691792985
213	200	4.0190633492545835
213	357	4.350149337319682
213	447	3.5062990625038135
213	11	3.9819253418187612
213	568	3.6363429135513634
213	514	4.034759630015904
213	235	2.733407914133833
213	174	4.111186918493109
213	474	4.526063520661785
213	79	3.942231233962468
213	475	3.993724097059009
213	515	4.295682990896429
213	471	3.5407281286855374
213	778	3.368406287319944
213	229	2.8047605965683458
213	238	4.183463370811866
213	690	3.2037105799136008
213	735	3.8734689332121306
213	50	4.317989249162178
213	132	4.197176947053593
213	121	2.9939085944842363
213	609	3.5013115246600797
213	48	4.314607395277224
369	114	4.6678984505617995
369	271	3.3902857039043472
369	181	4.2666666666666675
369	988	2.2724312202190413
369	948	2.1508961161248674
99	871	2.2137296077359894
99	111	3.3613292198904707
99	338	2.7950326407963773
99	246	4.021955239583929
99	182	3.876842999332852
99	346	3.745297774737826
99	255	2.999201917694373
99	204	3.905169308914534
99	410	3.544328728545212
99	508	3.8203156402317444
99	406	2.4604427572327277
99	628	3.5051118136069648
99	827	2.86181881918416
99	403	3.5214965860740524
99	124	4.065755390555071
99	56	3.8542871930041063
99	79	4.1349593098560495
99	472	3.1715862537856947
99	682	2.8455489596207855
99	369	2.6965275717725494
99	1067	3.5578449139491326
99	100	3.9656075651409886
99	265	3.8091741383513074
99	273	3.4649566089417054
99	237	3.801908401528952
99	3	2.882023552909871
99	274	3.4213346658931503
99	123	3.3986597981459186
99	597	3.302580584966764
99	546	3.2375662885796084
99	232	3.1045731718293115
99	268	3.977990844905417
99	322	3.18555148758382
99	685	3.2842934858855117
99	354	3.434974454475936
99	1052	2.3093678087821643
99	748	2.9250883320850543
99	203	4.00817213687095
99	676	3.2901290810455794
99	741	3.274627194907515
99	7	3.978666192425775
99	312	3.1300290116780403
99	413	2.7794569367859214
99	69	3.6540602759596994
99	118	3.1777602345334666
99	288	3.6178082326541374
99	4	3.781585277827693
99	978	2.2927273413407994
99	11	4.013553780871923
99	963	4.366546570617505
99	245	3.022920475782408
99	66	3.543761437967166
99	181	3.8720336011988756
99	421	3.6251138430473664
99	742	3.6090038840797467
99	694	4.05313077872747
99	1016	3.8567203217232366
99	12	4.552561549207745
99	331	3.4238454562250276
99	1119	3.681885968903864
99	168	4.00451514666976
99	50	4.363599862941692
99	409	3.130448890782989
99	926	2.7474469993049304
99	328	3.308520787871697
99	762	3.8794606623727073
99	258	3.417212114681284
99	107	3.3633970539764486
99	895	3.071419454473997
99	363	2.8212846159094087
99	873	3.0779351299531275
99	196	3.897589561794072
99	402	3.1424132533245084
257	221	3.5597589779888055
257	307	3.4175054606864417
257	100	3.6917867758494722
257	137	3.847460201486636
257	59	3.83024115138431
257	165	4.102386449802481
257	531	4.050190597160029
257	288	3.8062706452690307
257	116	3.6885581222660417
257	1008	3.1099773106895094
257	1462	3.739367061146764
257	224	3.6813815633604756
257	301	3.2588376118263076
257	130	2.061920845468729
257	462	3.5193730451410654
257	151	3.658342925531712
257	289	3.0796293513351545
257	50	4.4
257	237	3.7827797523654847
257	949	3.4089184573132183
257	258	3.8631307319195622
257	276	3.8278741099126883
257	1260	4.083122921635133
257	345	3.322344830846953
257	305	3.9002710489697363
257	405	3.0560645672323523
431	286	3.498149974450248
431	538	3.5751244323410893
431	748	3.546792391026381
62	78	2.606566580151708
62	281	3.123181920492755
62	660	3.5602690599940927
62	8	3.8975483213946505
62	28	3.7526712075122193
62	827	2.568477530592915
62	294	3.1407891614634513
62	365	2.887054650272412
62	955	3.4572863195641523
62	14	4.184206086915583
62	20	3.982409836226317
62	306	4.198776923577719
62	162	3.3347396856797267
62	257	3.5339899559759806
62	1012	3.5266509170823293
62	157	3.756735783097245
62	1128	2.735602244791625
62	685	3.3943003203073827
62	138	2.1177653575573485
62	318	4.498590788896593
62	47	3.782132005947315
62	232	3.0413578650119732
62	24	3.427076870331333
62	815	3.0044447267296768
62	173	4.201215127350922
62	1060	2.9853801453050304
62	176	3.918105528315645
62	1074	2.7476588290902826
62	270	3.5823255941347165
62	508	3.9518950511311446
62	665	2.6225237319980548
62	462	4.000270716449853
62	1073	3.8078378581285883
62	86	3.960270830288034
62	541	2.993749572473848
62	475	4.126502313279467
62	168	4.468601838850637
62	527	4.165448973108944
62	89	4.353170992600127
62	423	3.5923808267331188
62	401	2.8133477858736082
62	664	3.6057195280527674
62	147	3.409525549541298
62	209	4.099602029325895
62	1118	3.460016845273169
62	179	4.485422791535576
62	65	3.5709688286288355
62	125	3.292052299468304
62	111	3.3331491747967537
62	216	3.9954213091507707
62	100	4.235564091738655
62	182	4.168778095987399
62	155	2.5876832423702583
62	225	2.550128705025538
62	135	4.204288698585411
62	235	3.131348518404404
62	1016	3.212892936530609
62	55	3.8618711997853348
62	68	3.4269117667427724
62	382	3.548614307282938
62	114	4.308027372799038
62	697	3.5091474141245027
62	559	3.3119236531639165
62	298	3.7737715397241947
62	328	3.68713273914797
62	702	3.177079796251492
62	180	4.388334446424751
62	845	3.283444446341226
62	3	2.7145907300960186
62	213	4.061946369775334
62	33	3.449323610352003
62	856	3.66030948948188
62	286	3.3373955227381082
62	716	2.739547853788024
62	164	3.259068622867358
62	1136	3.2422861970786157
62	153	3.5771874368053393
62	742	3.226530858853946
62	443	3.8242567813414667
62	59	4.037676546211149
62	921	3.8682644459779953
62	712	2.906122044052667
62	433	3.894977025485554
62	227	3.058989258344164
62	288	3.3279115646060267
62	4	3.623999624347829
62	774	2.920252847535961
62	464	3.29599980035168
62	1107	3.007435349062961
62	96	3.815209550870713
62	514	3.9671049979483586
62	181	4.24211001402612
62	763	3.4029610094140557
62	448	3.2072010006433405
62	12	4.755189692458279
62	1131	3.9596355444006996
62	498	4.048117950761956
62	421	3.4179771923303695
62	302	4.21293747213488
62	473	3.345408121113465
62	21	2.7049292581680917
62	229	2.848765605612982
62	258	3.712515847995652
62	228	3.7382514873033204
62	118	2.7663464547645598
62	121	2.9843590408374476
62	132	4.040328077037996
62	183	4.145909755890861
62	249	3.2894377368532597
139	222	3.798953883178224
139	458	3.389089058158019
139	307	3.6264638521585146
139	286	3.4668704331772506
139	268	3.8928731550216904
139	246	3.8911398007761426
139	303	3.5350512619386114
139	127	4.199593064318307
139	508	3.8352084484673648
265	934	2.85046012471066
265	7	3.465742488710128
265	591	3.619685377053935
265	151	3.4219850044870324
265	477	3.268921075680298
265	472	2.893225914670977
265	471	3.6505930069627914
265	409	3.125807443847248
265	410	3.3944175930430034
265	279	3.60618638904411
265	328	3.122290865260282
265	742	3.584590245462234
265	258	4.0070957364914905
265	118	3.1013419764379324
265	15	3.8179389145266236
265	300	3.377602187984693
265	181	3.3785427179734526
265	125	3.5693403539027457
265	257	3.833338488051021
27	370	3.012627283579457
27	925	3.270318700391346
27	978	2.566481921999409
27	475	3.4667476020178665
27	100	4.218141933281134
27	596	3.4359026053750155
27	515	4.141283326970259
27	295	3.608998176226366
27	508	3.802468840670155
27	742	3.581741551296421
27	246	4.08393576801593
27	121	2.7942694230923477
27	325	2.9666015689420986
27	298	3.657706830893473
27	281	2.967890873042455
58	568	3.604303543078268
58	311	3.5136557847386714
58	216	3.831652533480023
58	100	4.187900026855974
58	182	4.056460805782242
58	546	3.2968392277391203
58	950	3.2494789515151177
58	204	3.9425734299055732
58	923	4.144184060449674
58	9	3.8736180651592753
58	120	2.108968090221225
58	283	3.852230591005692
58	272	4.399989368685659
58	340	3.895072440061536
58	246	4.0483869859146875
58	1102	2.0635400258801524
58	654	4.227437432397492
58	20	3.816565596264567
58	13	3.7669867438798157
58	257	3.7108225473482075
58	61	3.8584428792567937
58	144	3.866381485416191
58	156	4.127812266273608
58	347	3.252344436947967
58	558	3.672699805960705
58	709	4.064632112836234
58	237	4.0430268385157815
58	240	3.126246156472507
58	284	3.2712449186194683
58	123	3.1653881550944427
58	32	3.755850385068917
58	268	4.218495865530649
58	1019	3.7787265317445544
58	195	4.109529949981732
58	42	4.083153424650154
58	813	4.1322833789511115
58	45	4.241927623499888
58	684	3.5667856685091692
58	173	4.337764414460693
58	381	3.5272299640529483
58	1100	2.2955772759766737
58	222	3.5133819309731056
58	408	4.623155503451413
58	1097	3.420209062578777
58	490	4.063870190062723
58	193	4.032953189280565
58	483	4.427873756844462
58	69	4.0893961869988384
58	150	3.9506001125540693
58	1103	3.7682963879267577
58	425	3.992966574155645
58	1069	3.549010799759417
58	480	4.157611520218275
58	214	3.4258220141574
58	475	4.235624886985657
58	8	4.080044752540522
58	960	3.6152657670728803
58	64	4.520579618839004
58	850	4.696140437460157
58	194	3.816442289323505
58	1106	3.8883206714617287
58	89	4.402923888640495
58	50	4.066720000555633
58	318	4.5311294520298135
58	198	4.180638771932368
58	955	3.4811089811810954
58	663	4.176892596899678
58	1104	1.0
58	248	3.912712165379191
58	228	3.764482927706404
58	1099	3.6193423739069575
58	109	3.5669711943968894
58	275	4.163459611769923
58	1098	3.560129739845505
251	172	3.978973162132289
251	222	3.494057657751856
251	100	4.1996988768134
251	596	3.1822251607807974
251	520	4.274210824119873
251	427	4.569217622403325
251	612	3.9602030703302495
251	288	2.9333333333333336
251	55	3.8266713528470673
251	866	2.978409239703409
251	109	3.3386828924705823
251	1014	2.908169549116566
251	15	3.9214551126365675
251	298	3.65983911342931
251	181	3.64753259036676
251	1028	2.8334857115746694
251	257	3.6385176764767406
251	12	4.67759185769894
251	144	3.844785095871738
251	265	3.7157350500691684
251	252	2.689909032264225
251	50	3.925070379832959
251	237	3.7026937288076356
251	476	2.763099812026613
251	258	4.133333333333334
251	148	2.9363316586469907
251	418	3.4531494102352855
251	295	3.276593815507979
251	132	4.300826981506742
251	121	2.868674575751154
251	183	3.8430492067969286
251	249	3.1377078191110157
251	748	2.8325035165578893
138	111	3.345421635185496
138	100	4.333460166081738
138	357	4.584684959314718
138	483	4.472146638745687
138	614	3.7799689359157123
138	238	4.1769554644581675
138	116	4.0455082853471085
138	496	4.025955178795993
138	26	3.649235304970618
138	285	4.419532573736935
138	514	3.7614384648863424
138	185	4.104295765483118
138	484	4.302633992679495
138	151	3.4845390053217993
138	517	4.02508494384678
138	617	3.8579483787647018
138	98	4.26626345907295
138	318	4.403908441643659
138	519	4.265870712164405
138	211	3.833736785991692
138	150	3.776899210037892
138	121	3.433158794599972
138	523	4.019293345194438
138	493	4.072362708909356
84	222	3.5432576167405117
84	742	3.7514985332559827
84	1040	2.587369579047462
84	528	4.174328345566788
84	879	3.088957119852057
84	322	2.836151588669555
84	1033	3.233678611227239
84	64	4.575272713575026
84	12	4.567350699716799
84	194	4.041099703466634
84	151	3.3435328390924073
84	265	4.1079572650111205
84	289	2.7701098301771196
84	237	3.716765085731831
84	385	3.5315139620380323
84	284	3.207955531806605
84	529	4.030276875477929
84	31	3.603574944536453
84	148	3.2780940002418824
84	121	3.5595344634326187
84	523	3.8276495385581244
84	7	3.477450672846748
84	291	3.2347858556287803
84	405	3.1220666867721967
84	748	2.7378449884151284
460	10	4.03473853642381
148	172	4.517402035452786
148	78	2.9858691853585846
148	1	3.7341126631882
148	177	3.8214715638107157
148	408	4.4047975335428085
148	204	4.149135625111373
148	357	4.314841629034534
148	140	3.5189049744357637
148	116	3.6958483070748165
148	495	3.507126539349545
148	529	3.8234735500586394
148	1039	4.000998224059173
148	993	3.913711211564446
148	713	3.575967718011152
148	588	3.75825340463025
148	114	4.345158177162665
148	501	3.501444534603239
148	1012	3.4921240959104765
148	596	3.242310588214974
148	70	3.8026394623324586
148	509	3.9773184330416664
148	163	3.4272429870792394
148	473	3.1390263270199945
148	98	4.536214514029562
148	185	4.088000817880708
148	507	3.9146448197364196
148	71	3.983992258744537
148	169	4.462310869346616
148	228	3.570472065621504
148	214	3.122066948441657
148	7	3.6686588041750445
148	1149	3.926515407195401
24	367	3.241515304399765
24	216	4.092162086608787
24	100	4.302437262709117
24	742	3.539201881208801
24	153	3.801796488641918
24	508	3.688098605795883
24	9	4.243471146562493
24	294	3.2360372204232566
24	178	4.296398081683417
24	56	3.944825912222373
24	25	3.7010762102114274
24	763	3.3632059374604535
24	64	4.3887385573663344
24	477	3.09358589928495
24	475	4.019148970224468
24	372	3.3071056065863207
24	662	3.559029514912146
24	129	3.5435929107507347
24	318	4.567309750193645
24	258	3.857527874352209
24	286	3.668418671337561
24	358	2.4546248774298576
24	109	3.2395520706381267
24	191	4.287110813003885
24	275	4.030937295679582
24	427	4.4621825938365465
24	117	3.6415021545500763
230	511	4.393782001800488
230	11	3.883231189100543
230	182	3.5434793325279554
230	378	3.9857762111822397
230	1050	3.8491558887088457
230	357	4.4444891905131545
230	140	3.290618759295099
230	8	3.9546499104054966
230	234	3.744465422620442
230	154	3.5730983951924125
230	228	3.7989984453176087
230	186	4.116702104393259
230	633	4.141989653122841
230	969	4.007447842979035
230	185	3.9631721906174033
230	97	3.9554959268467957
230	484	3.9481394783398414
230	144	3.7674584799091884
230	485	3.8800346097961276
230	210	3.7555792981437164
230	138	2.84291082135788
230	1192	3.04548071710218
230	1444	2.6675270707877563
230	607	4.205926796252077
230	680	2.256350549331639
230	7	3.763081155259968
230	291	3.45434086316609
230	51	3.641599866092488
230	172	4.338062476673526
230	176	4.002883955744136
230	742	3.740193999839449
230	432	3.567325904991806
230	443	3.730237993666708
230	153	3.62941270198261
230	142	3.1091330121829968
230	673	3.399011320019487
230	199	4.353559141161511
230	739	3.942377493629979
230	926	2.887804783159381
230	202	3.9036225843446055
230	963	4.4467603071236335
230	96	3.9089267639997467
230	181	3.7239024544916015
230	582	3.4524428870908768
230	304	3.761071902129768
230	70	3.767253284535636
230	50	4.231777418398776
230	419	4.005480574244557
230	385	3.865777106579221
230	183	4.08290743094776
230	238	3.7693637861455103
230	276	3.3277509673762893
230	393	3.898514979335754
230	526	4.10918264999098
230	209	3.8841391810484507
230	196	4.126773449524485
230	125	3.586578362047316
230	402	3.882876654858742
255	452	2.4096589635972574
255	436	3.5941941885000968
255	234	3.6372770629458233
255	841	2.812881527639273
255	569	2.693758013328255
255	259	2.844300179129313
255	406	2.811348019100224
255	53	3.1797224932816905
255	323	3.0146494968395485
255	288	2.9680987911672085
255	879	2.8906994875750747
255	551	2.759672688481006
255	472	2.784474149135315
255	413	2.689927419958727
255	833	3.059443027696911
255	748	3.2294678375904287
255	763	3.54018189853097
255	448	3.4161450582837585
255	185	4.126507605683972
255	249	3.4675436111473745
255	271	3.00123891029853
255	984	3.1440795969199447
255	217	3.3558744037862978
255	859	2.776502337341626
255	976	1.4753897929764854
255	455	2.943828413495557
255	98	4.482952474474592
255	860	1.973381455106563
255	258	3.5967780104068856
255	444	2.7302636579544353
255	218	3.388817473854293
255	1034	2.572117178509881
255	825	2.980408759166733
255	441	2.6421469629634005
255	565	2.844851810866728
255	405	3.090629848009794
255	678	2.642703841968254
51	148	3.2796747441762033
51	182	3.965640748996355
51	496	3.984381933532511
51	132	3.966883362710336
51	485	3.821942655156466
51	679	2.8864479964199536
51	64	4.315429351511592
268	264	2.8034804424064936
268	823	2.8903551163945638
268	1095	2.986896664819145
268	231	2.584789594212711
268	206	3.3468626544587923
268	357	4.1806600098652895
268	1002	1.6732813072274093
268	781	3.4486781180337216
268	2	2.877465854035879
268	298	3.9675929358951727
268	470	3.617713776738667
268	99	3.4659045146571668
268	826	2.6495415138210485
268	717	2.5831706221400066
268	404	3.445633913311673
268	735	3.6463956293057658
268	62	3.0955369267338932
268	141	3.4741057102262354
268	182	4.304355909306568
268	265	3.694843695242695
268	558	3.568096487959472
268	715	3.3130193087654356
268	123	3.3179301202537945
268	73	3.3477813222773882
268	810	2.9195732812376836
268	31	3.6752096011660305
268	1	3.7748956316709754
268	134	4.431537548337747
268	42	3.892182004942797
268	7	3.7508541150526504
268	583	3.109793735796158
268	154	3.4873269733430075
268	147	3.297095244321602
268	101	3.2755140693341462
268	403	3.43327790881439
268	269	4.211380258409675
268	63	2.66397064270223
268	699	3.528858735568394
268	1059	2.9672782848062047
268	211	3.9203161385876526
268	370	2.6644720588084985
268	665	2.7815519268730604
268	83	3.9927071496036746
268	425	3.9160658641604225
268	580	3.6479863121831384
268	824	2.7717551249295944
268	582	3.564431153865721
268	244	3.1976673797030224
268	746	3.478182600629854
268	233	3.1371309556836
268	721	3.4634787555639646
268	91	3.6659221528346593
268	252	2.6463527738577364
268	205	3.881627906029766
268	209	4.016917277585051
268	129	3.8778494380050104
268	385	3.6945667080896634
268	168	3.9111796567116213
268	38	2.8198797254126253
268	238	4.111142370311706
268	189	4.092572014029518
268	217	3.1418455583926668
268	568	3.345842579519749
268	1041	2.925690371508235
268	540	2.484707122180835
268	52	3.8084727200359363
268	40	2.600770715196034
268	436	3.4510972513261526
268	949	3.1319489497883817
268	198	4.111456941221119
268	1079	2.2607473288451336
268	94	2.5514493038156747
268	955	3.2525382637604956
268	566	3.201190655914066
268	135	4.05249736730845
268	267	2.836565803666949
268	684	3.6424534963961466
268	161	3.130994959176572
268	55	3.812255765411017
268	246	4.19961820313415
268	68	3.646357726492669
268	472	3.050629308748594
268	374	2.199302909250514
268	16	3.209514962036257
268	790	2.824909852318486
268	527	3.8073969554386684
268	114	4.438042304218344
268	97	3.687663069530053
268	484	4.409476847055524
268	325	2.5854808820592554
268	432	3.632547444417584
268	67	2.8959741902191922
268	382	3.4641624126454116
268	1090	2.250157502235417
268	17	3.0060802818013106
268	333	3.386836480719815
268	546	3.4100540664616275
268	672	2.6571530760853923
268	364	2.774817000396815
268	1477	3.0
268	169	4.63849529438375
268	552	2.898451983521918
268	554	2.848177978693505
268	679	3.0027969753422923
268	395	2.373107321844328
268	122	2.3519752169161827
268	800	2.816742348624232
268	768	2.988455972029508
268	232	2.9902696847018637
268	1157	2.6381475710717766
268	569	2.311323872168138
268	930	2.569659442809514
268	153	3.6463952124491397
268	825	2.9432256469074427
268	928	3.0267481879414313
268	483	4.669741588762499
268	433	3.702213435150305
268	761	3.2177916077129383
268	978	2.523841966094656
268	1249	3.0721874513720038
268	926	2.94107544899891
268	139	2.69535247052979
268	181	4.2553774867745195
268	1035	3.0370659937007303
268	108	2.967720989516536
268	732	3.3662742234583156
268	474	4.138442153860458
268	477	3.4020990588832523
268	194	4.173967740407134
268	82	3.548999879974137
268	421	3.5175236415726685
268	302	4.343391667834652
268	163	3.3370392032291702
268	105	2.6574152137513547
268	98	4.581698209306524
268	145	2.4524583236937723
268	21	2.7422029865036612
268	946	3.020138940591889
268	762	3.940660408276917
268	258	3.9647016122094842
268	453	1.9967069294938586
268	248	3.714874086595432
268	228	3.8972856197400967
268	121	3.5944340335045353
268	250	3.3732535028485495
268	386	2.6869039301943283
268	183	4.22453901302664
268	1065	3.2069077221119904
268	998	1.9008497348223472
176	327	3.57405696282772
176	751	3.309389920168981
176	1012	3.2633502536655214
176	100	4.106206589797151
176	50	4.16730831261649
176	270	3.6815588255521488
176	948	2.167863995452509
176	294	3.0831586671274267
176	750	3.771043757628092
176	240	3.0584828414507186
176	303	3.6348480811883856
176	288	3.6878581552113143
176	258	3.8938443145324455
176	272	4.044526196350841
176	875	2.9797936213025134
176	236	3.725970926580698
176	324	3.164705927434021
176	250	3.560022838178048
176	305	3.6595908561596464
176	13	3.4901874880797465
176	297	4.097604261141678
434	1060	3.058176620138099
434	406	2.40959192269011
434	815	3.313143499972533
269	367	3.283405222391015
269	805	3.7687036131854645
269	809	2.839433071151233
269	177	4.003879413443065
269	597	2.953800718665759
269	843	2.8222282873649984
269	1133	2.791098554596667
269	486	3.973977909804767
269	9	4.079640553540825
269	658	3.112224045703626
269	856	3.962291339877287
269	396	2.9717413345175623
269	665	2.9180658190105313
269	959	3.567765246458669
269	1014	3.0839378939965867
269	171	3.994265805585947
269	645	3.5466249276209996
269	139	2.595048831772623
269	1065	3.7277137337663526
269	156	4.136249928200097
269	411	3.112600476366359
269	210	3.775714092924852
269	529	4.003352668737512
269	616	3.566814359570063
269	1091	2.5797350806783568
269	506	3.723896213162903
269	47	3.964235375800007
269	131	3.601657732028482
269	93	3.9329053472035262
269	525	4.17725556842202
269	143	3.435483252624486
269	211	3.9463665525545677
269	195	4.08711431099246
269	923	4.2718511952616645
269	7	3.870104112541617
269	729	3.36631645595184
269	188	3.8627395133154936
269	176	4.03754297243427
269	674	2.991978399260305
269	63	2.7800080281056547
269	761	3.0435027272983315
269	293	4.028748694643179
269	435	4.059263800218723
269	447	3.2421922026560543
269	1480	2.400378503277261
269	5	3.0996979514744565
269	498	3.944525947813536
269	136	4.324016338645708
269	22	4.066420590635509
269	172	4.028681893976616
269	627	2.972894309900836
269	15	3.267902769761609
269	285	4.59170979705102
269	254	2.2320943708244005
269	76	3.3615797344178597
269	174	3.873177450344316
269	492	3.7641244961429225
269	531	3.828470458879482
269	234	3.84320004562313
269	504	4.066750311645431
269	475	4.294894583692264
269	608	3.8292756419320555
269	252	2.899891114008743
269	205	4.267242024042554
269	217	3.2819103529874845
269	771	2.8541092780579715
269	423	4.008475073154437
269	209	4.17764976431706
269	401	2.9525937882075763
269	55	3.5618962445503444
269	1101	3.6774970665800506
269	316	4.273570749712345
269	50	4.057704275382362
269	414	3.6731070414432367
269	655	3.813881515560383
269	179	4.324950410525134
269	405	3.303040328426029
269	436	3.5974976653674324
269	216	3.866266733094881
269	100	4.35842373568046
269	705	4.242735554817276
269	346	3.8279649095913753
269	919	3.8372666931944317
269	1438	1.7409479159119463
269	505	4.167327126691015
269	235	3.018080923117093
269	120	1.94836358793549
269	161	2.9403915361221205
269	741	3.4297267759514427
269	238	3.9899416919843005
269	272	4.202082637445127
269	340	3.9605529294665933
269	246	4.208411360229771
269	654	4.511504745151525
269	44	3.0921446481603536
269	1028	2.6967673833127526
269	845	3.436341057071488
269	13	3.8179858970128095
269	484	4.3999143693416745
269	642	3.643754175479985
269	527	4.229408935383993
269	180	4.406573974556978
269	183	4.129460310947676
269	756	2.5407229202671013
269	213	4.261940798580417
269	507	4.031419371955028
269	175	3.9485640344245616
269	664	3.490534752795101
269	640	3.23366358144646
269	1168	3.60288443387433
269	716	3.0709632086086187
269	1165	2.015882269282834
269	276	3.9454373265790648
269	512	4.052706211227251
269	387	3.3177121939644443
269	427	4.498755909127218
269	142	3.0325098757819675
269	106	2.8913627809649793
269	522	3.7262419437595637
269	137	4.364391143500516
269	153	3.640602033375385
269	922	4.0136354950867625
269	793	3.670610466562105
269	483	4.473983840032583
269	433	3.578719650988917
269	497	3.903785529970626
269	614	3.7685235468822516
269	499	3.904476639475855
269	482	4.16359477661948
269	568	3.2899361045473596
269	985	3.1461555306001494
269	514	4.373982715102865
269	152	3.701868010279864
269	902	3.834906623103988
269	886	3.1077299570322214
269	763	3.081926588692604
269	64	4.463961671339635
269	1154	3.2436780842457362
269	474	4.484587557785572
269	194	4.038683639802474
269	70	3.68597315575086
269	82	3.1605021739508525
269	168	4.334438765131819
269	1020	3.8620669345441274
269	198	4.136270276450932
269	98	4.287191928845739
269	1071	2.7948704602669174
269	127	4.416069170025158
269	636	3.167196988147103
269	444	2.9666628227965854
269	478	4.106560635615821
269	412	2.6712071170004967
269	214	3.2245469269938996
269	72	2.886999751577405
269	998	2.0069390262600693
269	961	3.761182982098362
241	332	3.3848721984868257
241	294	3.303404795777011
241	307	3.3298065623747473
241	690	3.864505427427342
241	887	3.703996928735048
241	880	3.1936963553109523
241	302	4.161703883130457
241	313	4.124928238385472
241	292	3.387147493162511
241	750	3.8798558702939903
241	350	3.1481826911598745
293	479	4.294028643640833
293	264	2.699715036178105
293	255	3.2993248065993863
293	79	3.995583169888886
293	206	3.47094490882475
293	629	3.3828084622256362
293	1147	3.6490189956441124
293	166	4.242950965306107
293	56	4.399738296794108
293	2	3.0009202552711693
293	99	3.6698961924830824
293	257	3.626296447799164
293	144	3.981101590561821
293	139	2.697616187079477
293	27	2.9674533024243157
293	251	4.138248890681675
293	685	3.444514326833917
293	616	3.7706665827852133
293	977	2.60890995673183
293	1220	3.1545206769903618
293	31	3.7166344552509947
293	931	2.012976236444392
293	148	3.0733992357737776
293	134	4.349047994154334
293	87	3.972864358089732
293	583	3.077172557069231
293	748	2.65671901619387
293	188	3.974604262729417
293	751	3.3253375472439166
293	293	3.9021811060123537
293	435	4.035495623729344
293	447	3.3034341065144672
293	425	3.9503849496213723
293	22	4.267552921879747
293	202	3.8324348863201165
293	554	2.795259430338406
293	1042	2.8053409530955418
293	649	3.5425834500885913
293	471	3.6980558826935863
293	282	3.604605886940811
293	779	2.4391162101985184
293	739	2.576595132328667
293	401	3.032144749920262
293	71	3.37086259618843
293	619	3.128428465873016
293	1101	3.5924830564003107
293	1217	2.761097672221399
293	405	3.3419774186589795
293	1098	3.759528032171748
293	871	2.011129041515709
293	216	3.934245022244761
293	1011	3.537578226965458
293	208	4.353173506814928
293	414	3.6408964437496527
293	496	3.908232684026009
293	654	4.399717278613289
293	366	2.9778301762774846
293	466	3.4204736780135887
293	158	2.422577636261941
293	484	4.2614923578460875
293	657	4.227796066449292
293	485	3.7165522185739337
293	430	4.085103893359397
293	215	3.721471571545863
293	647	4.087835424892367
293	724	3.4655929473601956
293	637	3.045786775969068
293	137	3.8275304207151635
293	761	3.2437389522377
293	464	3.4028683613405097
293	710	3.4078988701887276
293	747	3.4607782351084415
293	92	3.78689241897528
293	474	4.458188377326895
293	708	3.414804916390176
293	227	2.9997252891717983
293	421	3.57022324057253
293	156	4.361891621932408
293	412	2.693081616493886
293	770	3.5327212721039576
293	467	3.697945022096581
293	132	4.04134049459696
293	572	2.811406013842861
293	300	3.8172418065841054
293	386	2.886735405324262
293	1046	2.9878666671062137
293	426	2.769846325599646
293	461	3.6842877505168032
293	125	3.097434001469446
293	8	3.9247546855592756
293	53	3.1052051896747845
293	1057	2.0446842705034283
293	705	3.709398062123029
293	445	3.5633784584451225
293	943	3.505905520765387
293	23	4.221800683538799
293	804	2.935905933022021
293	298	3.5903518949529833
293	151	3.6245898616036953
293	157	3.938829164819995
293	210	3.8533967554929522
293	1226	3.471931339782402
293	642	3.5404606871213007
293	195	3.9549388337366818
293	91	3.9351256138981485
293	729	3.284480853073881
293	147	3.296249510450429
293	632	4.110198931533703
293	849	2.614914891244615
293	720	2.514093082479662
293	239	3.3073421663430382
293	665	2.9211561711896
293	924	3.517902150257909
293	1132	2.5711967127164876
293	866	3.123355200144393
293	646	3.9593276933632793
293	1017	3.252746796799843
293	76	3.326435825933357
293	36	2.333406369733612
293	504	3.9497476832689493
293	627	3.030547218718599
293	209	4.269663515768872
293	39	3.343951366128187
293	82	3.5242933502621003
293	423	3.9428862565202243
293	328	3.1009736997125747
293	603	4.38310445171105
293	1161	3.102010728168327
293	655	3.915405831627165
293	781	3.3208648917110466
293	172	4.4053894273249234
293	346	3.6707856605852944
293	155	2.4337786159175065
293	566	3.555334240047528
293	135	4.37339495411753
293	55	3.650057571849351
293	124	4.224130867437825
293	322	3.210261689776129
293	68	3.3966881216869234
293	167	2.8718400734037175
293	16	3.37082238488813
293	226	3.164804589535538
293	54	3.1935042013566566
293	325	2.6545882021966674
293	347	3.63504490962912
293	845	3.321021182294797
293	843	2.8995005412168884
293	33	3.2126580668675455
293	164	3.125996758465424
293	679	2.820142627343898
293	1267	3.077880588846407
293	443	3.9134680902163956
293	153	3.7723123205099807
293	559	2.8822641058563945
293	69	3.6814379318640644
293	380	2.971713527323653
293	288	3.25913048941252
293	653	3.9400709684393247
293	480	4.552060304957223
293	514	4.307062405207931
293	181	4.215109974758967
293	64	4.548548637941652
293	5	3.241168724886216
293	12	4.562147656886478
293	194	4.199884720397199
293	521	3.8635906916487217
293	419	3.7651792699324096
293	553	3.105524539672611
293	280	2.7409566003095045
293	605	3.405352681009777
293	228	3.7914154182830972
293	183	4.4172828726728905
293	249	3.208010684842948
360	222	3.3497577428931455
360	334	3.3196720927089687
360	269	4.160557651699494
360	511	4.26861839038474
360	309	3.203278486908458
360	28	3.923302095064813
360	238	4.187175475419042
360	116	3.999769949002007
360	197	4.071262107840219
360	496	4.144134565156077
360	14	4.163449177330837
360	663	3.9447105972081093
360	181	3.9577139866174997
360	207	3.7722509137456743
360	13	3.8643977309365454
360	588	3.469279786190668
360	963	4.230357787634844
360	79	3.8613697195702588
360	194	4.175070193229991
360	157	4.166197282501579
360	251	4.150956573844855
360	237	3.6808304505242444
360	423	3.836782984760262
360	283	3.498627864802819
360	302	4.249523397076059
360	166	4.041073340442274
360	735	3.9005145041595535
360	134	4.625534482683779
360	195	3.714843117818878
360	303	3.8279138158623454
360	191	4.174683008605253
360	242	4.164385223163691
360	127	4.3486993578645565
447	234	4.051840417849575
447	100	3.991704345356648
447	823	2.7954646878108034
447	544	3.436822791337477
447	1034	2.699717846003625
447	69	4.051372045774271
447	879	3.0147830704081935
447	218	3.2867982079007967
447	121	3.2517119157355903
447	68	3.5381523049737127
447	70	3.706565226999456
447	148	3.172729002477211
453	697	3.290821540082477
453	248	3.7976889885381806
453	246	4.124514758892713
453	1032	2.8199198534511205
453	421	3.6788889188434517
453	98	4.215524353882212
453	125	3.5473583109379137
462	682	3.068511615341238
383	474	4.558217115919022
383	663	3.8390617837845316
383	475	4.098631676507585
383	321	3.0515443441013086
383	313	4.29464798306766
383	505	4.117960542958558
383	9	3.851472762418575
383	86	3.805554983339962
383	137	3.872049931294839
383	603	4.491038634599594
383	425	3.9793108687838186
383	197	4.326261730458961
383	464	3.175856344433966
383	19	4.004019547058496
383	513	4.16769386380058
383	641	4.004257233657656
383	14	4.151582881899931
383	483	4.337200607013923
383	319	3.357665513412695
22	871	2.0131451131552587
22	511	4.437772033735261
22	238	3.806326818369896
22	999	2.08029094944524
22	204	3.796499247878587
22	241	3.1970328862318826
22	208	3.545312645649213
22	294	3.158908728334574
22	403	3.237366201935118
22	687	2.127686265323513
22	502	3.4560004273122646
22	683	2.3185138271645656
22	186	3.9011223349130804
22	648	3.974914109885563
22	226	3.191609520001571
22	550	3.327253047687236
22	411	2.776883208409792
22	1001	1.8699773952283842
22	358	2.8581957778884344
22	377	2.0238719267205014
22	230	3.3410512783481114
22	510	3.954549483525506
22	154	3.7507124967298404
22	117	3.7386392498943075
22	172	4.593567408581628
22	222	3.595825697043287
22	176	4.402311086062041
22	153	3.795868314226563
22	435	3.8642405478714825
22	128	3.50470445402399
22	780	2.9668612487405714
22	195	4.072942141803182
22	433	3.697495024492814
22	227	3.338827867180415
22	407	2.1741298711859502
22	399	3.162156024452996
22	791	2.3438153176560226
22	96	4.2637759712244065
22	29	2.4674514637648133
22	692	3.7062099130041743
22	79	3.9600837506594386
22	194	4.178088355459478
22	554	2.682072412473737
22	168	4.076277511710112
22	80	2.4614371765696346
22	456	2.360558272899132
22	455	3.4074721561017483
22	878	3.0304915541019484
22	258	3.654105997850391
22	997	2.8325834221281396
22	173	4.116029007412072
22	110	2.50724935244518
22	393	3.3970723997877776
22	118	3.155493983270071
22	121	3.5129813311946485
22	386	2.4872739719694974
22	376	2.8269433127561316
22	948	2.010353067642864
202	172	4.160452770621285
202	484	4.060601138831689
202	283	3.947556862880318
202	286	3.376677193851771
202	515	4.176237877462145
202	604	3.773260311616289
202	173	4.109692115895336
245	222	3.713988364933066
245	473	3.008561923356443
245	94	2.598407269019546
245	411	2.9415390131424553
245	50	4.346510247543735
245	112	2.5738669736713637
245	181	3.8376826881032025
245	240	2.981939495084214
245	1028	3.169656264380935
254	436	3.2488252701718436
254	238	4.091045827503618
254	596	3.296604126528753
254	655	3.9249068486459033
254	892	2.6790752132065334
254	259	2.6411299241957877
254	612	3.9398264937195173
254	357	4.330812881457303
254	140	3.3421113030594785
254	419	3.9834548757026815
254	610	3.627142785010747
254	234	4.038772860237973
254	472	3.3851057799380317
254	186	3.9366868769620633
254	1133	2.797439833025333
254	99	3.8602026254656354
254	257	3.6092527306411837
254	97	3.937849438113416
254	141	3.622975277340706
254	951	2.6041567829010432
254	843	2.8834865250439106
254	662	3.682797155782327
254	577	2.3788616128330844
254	243	2.515097530837382
254	240	2.89910680941903
254	621	2.733518302148004
254	286	3.2694238229129664
254	1444	2.593417182545864
254	211	3.81565377864586
254	230	3.652373562516992
254	448	3.371216611414104
254	967	2.960823864265803
254	188	3.7770046356094107
254	222	3.7285608756141664
254	176	3.9052777484133165
254	699	3.7398636780098906
254	575	2.33792434353724
254	443	3.899614509430202
254	164	3.5933109990556846
254	679	3.1793507047399334
254	199	4.217651269775106
254	429	3.903575442845925
254	624	3.4185196478917503
254	380	3.447285566749438
254	136	3.8572778239017067
254	35	1.802530809418897
254	214	3.209801895802861
254	755	3.4981316122505244
254	162	3.7162369014312113
254	174	4.326736891672931
254	573	3.0776078949960675
254	501	3.3975069032519056
254	504	3.892170486220226
254	649	3.3731622753853685
254	1116	3.897855378954216
254	625	3.383930459505767
254	75	3.256914647149866
254	378	3.595357762027753
254	50	4.525708595823571
254	219	3.364086751508736
254	98	4.418560267439944
254	183	4.181297255175575
254	379	2.9281049870453493
254	15	3.915540737761346
254	229	3.481265382918912
254	258	3.466299084147512
254	561	2.9487689607093333
254	418	3.52498386730731
254	132	4.214036662746922
254	121	3.419208387327835
254	90	3.0798449565795902
254	103	2.3262852803876375
254	125	3.736783214830915
254	384	2.4491515804674857
29	270	3.6214030076437544
29	269	4.370547170444756
29	259	2.700763202072459
29	332	3.541698559063712
29	689	2.8013890753808286
29	1018	3.217920523829345
29	98	4.234597701528319
29	539	2.5967057057894456
29	874	3.42172358001423
29	294	3.033333333333333
29	343	3.474155530738358
29	189	4.128615811565648
29	358	2.600694741283348
29	245	3.022387292836735
29	748	2.8694842807866903
29	302	3.871867985752722
29	678	2.5603715856276086
88	690	3.7872693843213843
88	904	3.2387055023954976
88	261	2.3697540567278192
88	881	3.0884894287784914
88	321	3.226185701538182
88	315	4.452723843245438
88	302	4.224004623544209
88	886	2.284984260429792
88	301	3.0872290671564664
88	750	4.1694754229740765
126	751	3.3118704065853177
126	332	3.3054107867926428
126	323	3.178388807505471
126	294	2.931983774245216
126	905	3.538292423640333
126	878	2.4279742831538003
126	322	3.133186759392583
126	245	3.420996365291452
126	752	3.653735134165603
126	682	2.6336418028938438
126	319	3.2648497100333054
126	1175	3.9646865485248526
126	289	2.8477478102327236
126	302	4.038393554005292
126	313	4.231301641197616
126	243	2.8772484909615934
126	288	3.0881470979941845
126	260	2.54867296229787
126	327	3.455931626608184
126	884	4.127631086174533
126	262	3.6884377479144876
126	258	3.5660048009345253
290	436	3.748579659999096
290	216	4.005834254756807
290	832	2.8946895016788323
290	473	2.7378875588127194
290	204	4.076882799240682
290	429	4.000376330395175
290	98	4.192159201870912
290	205	4.197801053706153
290	274	3.5746259490528556
290	755	3.3342763831108417
290	1028	3.149191392735513
290	498	3.901596630111274
290	132	4.067509004884558
290	158	2.5175707792890174
290	742	3.6137403584740517
290	404	3.556445975967044
290	144	3.936923851972973
290	622	3.309743652850987
290	550	3.4559478874178655
290	208	3.7667452638785126
290	450	2.2082777924590373
290	210	4.109242251612745
290	699	3.7047383194046817
290	243	2.3626816560799155
290	546	2.9457559883770843
290	476	3.241192962582224
290	1091	2.7339428328527466
290	227	3.451703952790431
290	133	3.7353611123364496
290	143	4.143451284510128
290	164	3.569168595693476
290	91	3.493892942598126
290	1336	1.9975893408473901
290	218	3.465506934019133
290	172	4.6270157937580905
290	222	3.6975217401335723
290	818	2.976091237219795
290	588	3.7982931859593942
290	432	3.742078946068988
290	520	4.370038969367747
290	625	3.1624930917661773
290	153	3.937773420640206
290	193	3.9766477621712695
290	239	3.782594930165654
290	380	3.2605831173000293
290	54	3.357546733446516
290	22	4.3768298677828446
290	202	4.200743995139107
290	449	2.90055150323571
290	162	3.0347822262908686
290	523	4.004350755314547
290	88	3.7615688077003235
290	474	4.107810678576013
290	1013	2.2124021681121198
290	826	2.569413044641105
290	161	3.699536288186197
290	515	4.2829304194480065
290	50	4.281383763378547
290	82	3.944101656661462
290	105	2.57967237447287
290	423	3.9209302773380177
290	739	3.6331734986126634
290	21	3.1621767054112473
290	71	4.0166511261521425
290	685	3.1648793408925977
290	418	3.4005882932701645
290	393	3.562161976035133
290	118	3.1911982801033525
290	568	3.949384472985942
290	43	3.1296572996208867
290	196	4.012581608582658
252	9	3.8717591197524457
252	277	3.2928033570270734
252	129	4.110909016986278
252	268	3.8440830429689186
252	300	3.6161142699872117
252	742	3.6409510811137467
252	740	3.177714887548054
252	7	4.033540123264976
252	275	4.012538039440482
252	100	4.180165072481482
75	824	2.498436682625066
75	100	3.991947716393149
75	597	2.6414168381214993
75	137	3.8493028759482733
75	190	3.9061226694603497
75	1047	2.591761353206832
75	410	2.9879926896078493
75	496	4.306555604172546
75	472	2.6358829868656084
75	475	3.933099491134183
75	1017	3.318103592575437
75	1001	2.565946201757326
75	108	2.979679002270178
75	742	3.5371099369855257
75	1151	1.9331790340808896
75	290	2.941558367412248
75	151	3.4919986014762796
75	696	3.0251610715099115
75	411	2.728437871532565
75	820	2.8339607838572474
75	409	2.9781406297146797
75	273	3.467546176118099
75	237	3.4282952454878575
75	240	2.845827080812181
75	476	2.79341244319763
75	284	3.2417131466239573
75	1150	3.457010175786257
75	546	2.8093139024113474
75	271	3.222379832851704
75	147	3.239608829170899
75	118	3.138096311530141
75	121	3.069892342229414
75	291	3.0720308018787943
75	125	3.272143724593512
75	952	3.187203340855786
362	333	3.674929637374792
362	294	3.002777052731471
362	258	3.8289492000386893
362	268	4.059519727960625
362	336	2.617039939763038
362	312	2.980864527144162
362	288	3.359778578767467
129	307	3.4637473636210183
129	269	3.80371763961454
129	331	3.587662881619842
129	270	3.4388649322784612
129	313	4.666666666666666
129	327	3.2407968021621043
129	303	4.0051995168247485
129	288	3.566666666666667
129	258	3.8666666666666667
129	272	4.352696329339965
129	268	3.632716250107139
129	995	3.0395217793300087
129	245	3.173186824562971
129	339	3.239318408122095
129	873	2.9571056903792683
189	634	3.0121152792460695
189	732	3.551666400441642
189	479	4.409035323590839
189	1060	3.156959410332238
189	100	4.047827181008405
189	596	3.081342654162825
189	225	2.8432052098128318
189	1099	4.02488399137602
189	135	3.7785196496908577
189	505	4.041755018881241
189	9	3.8626418795329784
189	120	2.0264315539804065
189	294	3.142530908486818
189	216	4.010881155360644
189	705	4.387023606667343
189	274	3.4598211694762435
189	56	3.808409557694144
189	496	4.654198364843588
189	1372	3.513322098344601
189	20	3.854846264113496
189	16	3.1941309511972023
189	15	3.63669540936715
189	281	2.9988190660042355
189	484	4.123883881107559
189	657	4.425440608628024
189	520	4.28810567975709
189	60	4.050892325966753
189	1005	3.7718991297459517
189	31	3.5175341488160847
189	638	3.4539897594470554
189	268	3.838516323864254
189	143	3.8669682482636483
189	134	4.401000900836471
189	847	3.967358848233079
189	512	3.986919776609905
189	45	3.9993988366005024
189	815	3.101909007207286
189	173	4.063968469623926
189	248	4.0235941185859
189	1403	2.0514207283961876
189	632	4.03974475608173
189	751	3.584637841589626
189	176	3.954856089329863
189	652	4.002714571083966
189	1	3.885102475104067
189	618	3.8572007235989227
189	234	3.995506684380843
189	91	3.830630782071137
189	510	4.011521337261885
189	1021	3.624331438571934
189	483	4.353835662309459
189	526	4.099876363896825
189	79	4.323272277209224
189	197	4.227263575275901
189	480	4.499422459451519
189	121	3.0305280662038356
189	96	3.9116059450361877
189	203	3.95257679161244
189	639	3.8573287774223672
189	174	4.052507327295661
189	694	4.323236598116718
189	474	4.272867730835603
189	462	3.9974024803159036
189	194	4.08374536784943
189	607	4.11774436955676
189	129	3.982963888305699
189	1117	3.2485587023110365
189	1115	3.471404425622147
189	21	2.9727813080025185
189	253	3.501955019587194
189	276	3.781083105495183
189	381	3.572047152426329
189	820	2.818009901563206
189	513	4.189589320644765
189	30	4.052951215775172
189	275	4.226647666765634
189	127	4.02682875589356
189	1098	3.5185187004163683
209	688	1.7589470029188077
209	1137	4.15716202185051
209	351	2.784198180491722
209	269	3.964447215285319
209	766	3.564708997908047
209	408	4.633297337121604
209	50	4.033333333333333
209	251	4.052765211529466
209	906	4.010048138716921
209	898	2.92653048082677
209	321	3.4465910115828184
209	258	3.56552101137324
209	1105	2.9758657311037724
209	242	4.155524344703225
209	349	3.0786327847234762
209	301	3.4502170519241813
209	304	3.4866609175477974
20	172	4.401930286058675
20	176	3.9554219279560554
20	742	3.929818095347924
20	597	2.982368294734752
20	95	3.9938166693363777
20	69	4.189263841890104
20	208	3.8033423657116456
20	288	3.1501218018968227
20	118	3.3283702464776805
20	11	3.833756887764606
20	121	3.4187167645558625
20	186	4.018871275182301
20	144	3.8309381609284467
20	194	4.064087408150744
20	252	2.9667921147534724
20	98	4.41219415948418
20	931	2.3725386539538715
20	1	3.9591222631367295
20	87	4.151956562851193
20	568	3.763702278680603
20	405	3.2837097570281557
20	678	2.6554465144487382
446	332	3.487543950229323
125	511	3.9967495164659015
125	479	4.115644377424082
125	796	3.4044880557511803
125	1036	2.818070967599002
125	204	4.052874674713415
125	357	3.9448425457115297
125	28	4.226561405621174
125	785	3.2826837251024723
125	25	3.2605118366813057
125	648	3.936481551044542
125	577	2.603311071332476
125	283	3.704644654219101
125	1180	3.0892989465543126
125	411	2.704468036921529
125	290	3.223056196056731
125	318	4.593169379961006
125	73	3.750558466876097
125	1	3.8085015365202484
125	134	4.114330928963604
125	150	3.588348846219208
125	813	3.7593547486528918
125	64	4.699306246199215
125	173	4.422513296949588
125	1060	2.943199846052963
125	615	3.8498615853783447
125	434	3.7541394083596336
125	143	4.079170905872565
125	63	3.3811696984481014
125	270	3.5486539272907023
125	239	3.9405684641515957
125	87	4.020888137463788
125	136	4.105536009108789
125	383	2.3557122919148585
125	22	4.185784426251893
125	801	2.755203487996997
125	174	4.568265475484433
125	88	3.818139236326775
125	83	4.118812870854954
125	475	3.505439226987231
125	98	3.991981576525494
125	50	4.425743636073922
125	1000	2.755769086865192
125	949	3.3286725519725717
125	940	2.3070763508842167
125	568	3.895314038597128
125	1093	2.9221067476125353
125	275	4.015361917108898
125	1074	2.8171744770447673
125	781	3.7763787738016403
125	198	3.8171201012820632
125	94	3.413003179437575
125	346	3.5484663430728736
125	999	2.357682830789225
125	235	2.466634183747424
125	120	2.536860592105327
125	208	3.945857100679135
125	238	3.6392353325665545
125	496	4.240891649135007
125	382	3.697976097455225
125	158	2.4351370380448003
125	97	3.892746065525078
125	657	4.0660708222857265
125	485	3.810920894305236
125	996	2.3746193507112214
125	175	3.8305257553508922
125	732	4.013473771416361
125	493	3.7882214695297756
125	1052	2.1720178003503645
125	190	4.151114274672376
125	945	4.018217929328653
125	1183	1.965576598199801
125	483	4.329470671539744
125	69	3.8945957645335754
125	926	2.7902347842202455
125	116	3.7116004912081193
125	1249	2.699016154464825
125	236	3.5880381852779495
125	734	2.617726729483727
125	152	3.5016726776671803
125	692	4.067693810630387
125	1272	1.4233362734706647
125	194	4.213127235286841
125	498	3.9327408874130594
125	80	2.655110263254153
125	163	3.3906706443514114
125	407	2.6157508067544795
125	722	2.7751719518018967
125	997	1.6772254505420596
125	478	3.8977334430065596
125	864	3.2392144160402374
125	386	2.7507504074103366
125	384	2.8573647627523857
452	25	3.6044173071585552
452	435	4.079315598281881
452	495	3.6384215261291066
452	152	3.4842185870272404
452	134	4.351812663106379
452	641	4.307388102862623
452	1109	3.6418201478477137
452	523	4.200224474609702
452	191	4.518781285003906
452	736	3.451566501594013
216	367	3.232146243339581
216	628	3.59629023263383
216	231	2.553965978858706
216	204	3.893412545528375
216	357	4.370697815488423
216	28	3.7540693237462746
216	9	3.9305907887715485
216	531	3.6802515539876612
216	93	4.0925250381684135
216	55	3.8566561172596137
216	658	3.5905158078355175
216	274	3.505559066265695
216	298	3.8481966050463394
216	693	3.726918468141531
216	651	3.8646922010941265
216	577	2.302684947246177
216	144	3.8617712751739948
216	286	3.698357878803116
216	218	3.4113881606351635
216	143	3.495555197024083
216	150	3.8822083716354627
216	364	2.7364080158286956
216	7	4.126667871122464
216	433	3.781843644752373
216	1047	2.8711720965616263
216	172	3.6628807494097013
216	234	3.9198380410999123
216	764	3.2281923608504317
216	226	3.2411660976063237
216	153	3.5549756416594653
216	928	2.722575954950211
216	721	3.384417935902865
216	200	3.787713014274611
216	95	3.626081646201672
216	69	3.769127928223858
216	498	3.943045463118399
216	4	3.814691771431585
216	202	3.3494424767228987
216	824	2.7924782294489985
216	15	3.574077803302446
216	1035	3.063863873530138
216	108	3.0183209575934113
216	174	4.299319554548926
216	368	2.0237095409877828
216	12	4.393945707584855
216	168	4.359014988631407
216	282	3.6666615786352192
216	196	4.059132625115989
216	697	3.3319738252578595
216	421	3.850207538942296
216	1010	3.4316803230977504
216	652	3.8963760454378704
216	1101	3.6458222417026795
216	249	3.3392128223348325
216	228	3.6250490643971824
216	1161	2.7807881951430584
216	72	3.192049371745226
216	405	3.2289022693021847
338	511	4.445930300078803
338	663	4.002591327066388
338	204	3.7613408278562015
338	100	4.21359063130008
338	408	4.764383920592129
338	604	4.011595191278098
338	435	3.6766782163414837
338	486	3.832583840526102
338	483	4.357060659795097
338	294	3.002935243253666
338	462	3.8102454868794866
338	606	4.14228236837674
338	310	3.440098744070351
338	134	4.6370936626139345
338	516	3.9545851948447797
338	306	4.079339143138228
338	582	3.492602194059775
338	174	4.182527354730063
338	484	4.244893571274057
338	79	4.116338303682679
338	194	4.1526996871093065
338	945	3.917718745090681
338	613	4.08145363407525
338	168	4.220079048718264
338	56	4.200574227047211
338	494	4.049229837063743
338	792	3.621543704987842
338	603	4.362054359278225
338	170	4.0287241301824155
338	480	4.333199958452288
338	211	3.988325380498953
338	132	3.947949172122149
338	212	3.600923520269787
338	133	3.804960489432667
39	333	3.770811979629549
39	258	3.8427897355348715
39	345	3.2113754123634353
39	347	3.558499193558264
39	315	4.089172269748857
39	300	3.5301860528513096
39	306	3.8530490614262067
39	900	3.883864634325108
39	352	2.1056268011402706
94	34	2.6960076382932585
94	765	2.7483789018655074
94	206	3.426075807685807
94	1147	3.2397208773749213
94	458	3.1073113068350087
94	39	3.303542710829322
94	581	3.203751697132274
94	470	3.6019161948527065
94	99	3.781170848950456
94	257	3.879704368918022
94	61	4.016163295035181
94	17	3.265064120465125
94	62	2.9549016983934906
94	265	3.4651397902466203
94	156	4.305142555785547
94	58	3.827984927392954
94	829	2.4200490355247157
94	616	3.6096952284909087
94	1220	3.217502725314737
94	562	3.1111491771885746
94	232	2.945205816124331
94	674	2.9187930351983438
94	24	3.30295190319801
94	45	4.176855261108953
94	583	3.074532899453186
94	133	3.8935147929942553
94	234	3.992505311096268
94	860	2.3806442879008887
94	1223	2.9999999999999996
94	241	3.0896406372222356
94	447	3.412873537750016
94	1153	3.279708206609801
94	425	4.011154820349222
94	202	3.74530381278679
94	824	2.7163408636451334
94	8	4.024954330183596
94	174	4.052929033899681
94	88	3.015209201952477
94	1224	2.9216437205673063
94	696	3.092578432771773
94	50	4.246080149638349
94	282	3.3565007904531856
94	102	2.965091778392827
94	949	3.3056452504112106
94	471	3.7918733146477095
94	1217	2.8054225138259246
94	561	2.872581054908333
94	420	3.7540124938429034
94	216	3.9195755791318265
94	222	3.473609639592929
94	184	3.7294300774380744
94	684	3.542088540566391
94	652	3.9197714327432838
94	1048	2.907875373242444
94	246	4.315826258950846
94	496	4.057278760880032
94	472	2.8160264454031227
94	68	3.3085473567789516
94	1028	2.7887786911988273
94	366	3.054719172521983
94	1044	3.0211102798829823
94	651	3.9683150611674725
94	657	4.214931880414147
94	550	2.8665722910361975
94	693	3.956162158756271
94	273	3.528648862954395
94	603	4.4826064819446
94	175	3.9625713437568044
94	546	2.8393985521379017
94	170	4.439733334727615
94	744	3.524672093208562
94	576	2.7829756517359105
94	431	3.1202143819177923
94	789	3.7957614785026887
94	742	3.3312250347603696
94	193	3.935433914343914
94	644	3.8321586337073
94	483	4.493469267226373
94	144	3.99980122369137
94	1089	1.9062492272642213
94	96	3.6913035473552047
94	92	3.770739625868116
94	655	3.7779381909376384
94	1119	3.48278871488317
94	227	2.9021817613826784
94	421	3.5260615021261374
94	820	2.573771166706557
94	82	3.4723911017687676
94	229	2.878179378677199
94	258	3.5940368261271036
94	52	3.9534854117127654
94	572	2.8489026515084257
94	405	3.2949875763361254
94	402	3.0184136908503416
94	9	4.184314900574854
94	28	3.8238012988977217
94	23	4.506369445227125
94	186	3.314372122513791
94	185	4.364196634667439
94	157	3.8543674597997803
94	806	3.461435134450861
94	1226	3.4070828163233218
94	1199	2.7842171554029846
94	810	2.8448720758853874
94	31	3.5358531492744967
94	218	3.0585731898355433
94	1	3.973349826882013
94	211	3.9381957180949776
94	723	2.7912557466573804
94	64	4.427457172167521
94	700	2.784301824935816
94	101	3.130085654974617
94	203	4.177378543165718
94	63	2.892456182819436
94	624	3.004394665931657
94	738	2.8095434685665293
94	715	3.7095045421019788
94	720	2.575784452297746
94	79	3.8406501958458885
94	537	3.8051844724426247
94	646	3.975601400861431
94	76	3.292121048934562
94	541	2.4613900478463893
94	783	2.1833515503691783
94	70	3.7330347940689257
94	217	3.19985216149258
94	313	4.1706309096731164
94	455	3.2490949568661724
94	385	3.1658074872338813
94	556	2.7444463362281124
94	38	2.5917229201590537
94	393	3.0725006201801404
94	650	3.8423458589267634
94	685	3.3273928705553457
94	410	3.035608918778988
94	1210	2.3417139185011298
94	12	4.5208579896307715
94	334	3.6667094923429735
94	100	4.376137711217464
94	346	3.7734764436199058
94	155	2.629526912300491
94	566	3.24738082944241
94	135	4.145397998246338
94	235	3.0480118822833595
94	161	2.939327643714462
94	55	3.575064542648467
94	942	3.545661789919205
94	343	3.071639502970491
94	969	3.960401549699098
94	214	3.3833095518136425
94	347	3.5356441924999564
94	727	3.3618600916736106
94	33	3.4475418880277897
94	223	4.157921764875804
94	1074	2.580627006870134
94	792	3.8003734950135457
94	1206	2.7301194901838732
94	467	3.749291091435419
94	768	2.8163863882872784
94	428	4.012601261882059
94	588	3.402433537061897
94	443	3.7752529563184423
94	153	3.7398785039782734
94	921	4.086555645822158
94	380	2.939337118192995
94	288	3.561368536670327
94	961	3.5000815912151153
94	1032	3.3424703229433628
94	731	3.0840538315959214
94	448	3.176241357722441
94	1004	3.430912758956089
94	625	3.172554502073109
94	89	4.406803799628612
94	168	4.324323121725394
94	390	3.247130846378227
94	946	2.989414521429134
94	180	4.510381821886135
94	118	2.7237261738628105
94	109	3.219169476693736
184	511	4.337341272583534
184	805	3.8133814098974748
184	995	2.9997854595694995
184	321	3.2880371365718712
184	950	3.1619889785712556
184	231	2.5904937191009876
184	660	3.5758601872373252
184	410	3.261846904969807
184	9	4.141621769690858
184	86	4.028509849294995
184	458	2.9627608152600344
184	14	4.337663576203635
184	693	3.9218841281253907
184	1012	3.49938547303978
184	517	3.642628798717368
184	58	3.6435276021280747
184	1396	4.0
184	237	3.6203684487044705
184	665	3.035157888285525
184	207	3.807505374778348
184	47	3.8603195975222016
184	218	3.4374747782270934
184	143	3.817993766562989
184	174	4.103697495660856
184	729	3.4284284261778675
184	255	2.9796656253073315
184	1006	3.0569132700885944
184	172	4.491160281624453
184	699	3.439682523988561
184	91	3.932598697278685
184	1136	2.846554896303056
184	780	3.3385779108575955
184	447	3.4198937247150334
184	1398	4.0
184	645	3.605536566226901
184	498	4.255524699174105
184	126	3.679899036785521
184	22	3.842486492729539
184	202	3.696649465743218
184	15	3.508119933743482
184	254	2.2017554768891308
184	582	3.818875115946352
184	36	2.5883765231712275
184	88	3.4191262840670165
184	1010	3.2394288964940587
184	191	4.407979439885417
184	766	3.232724814024808
184	252	2.890506399617838
184	208	4.031968371851492
184	515	4.420058878484452
184	217	3.0717212484072562
184	584	3.7145980569861727
184	972	3.169703119569224
184	423	3.968868089465424
184	949	3.4578932256922017
184	71	3.4713860703538484
184	1020	3.9463894060741427
184	568	3.3832938891369335
184	497	3.8310832722722923
184	275	4.5860724629543315
184	405	3.192228603297281
184	124	4.141442369710237
184	836	3.793760460028175
184	100	4.144529851992874
184	155	2.70856808969003
184	259	2.6618283067885358
184	57	4.044568679381333
184	531	3.9866335969237348
184	161	3.1361981312598552
184	1232	2.213922217505691
184	187	4.201378971563919
184	942	3.569004373449859
184	382	3.5135121804308334
184	1195	3.680929989417259
184	13	3.5232785305081324
184	742	3.18019152696864
184	855	3.720401213812691
184	559	3.2059078111958628
184	642	3.6075708945807032
184	67	2.6897627720716715
184	1397	3.3396845814875147
184	34	2.4477338565809306
184	606	4.186507113011117
184	277	3.2422244577320827
184	286	3.7576633081554953
184	716	2.9910906747813435
184	164	3.6250643950801207
184	647	4.127214084236135
184	462	3.83850165497511
184	604	4.05530487876328
184	287	3.5678766171500302
184	1137	3.9306031246930564
184	588	3.893696020185385
184	522	3.832282416845826
184	137	3.91181549049171
184	153	3.7723391554419234
184	196	3.8581023723382155
184	69	3.6739962621927873
184	132	4.256114272440355
184	116	3.8846785516529154
184	11	3.8306058242107137
184	514	4.361914593462923
184	181	4.18714091075598
184	92	3.772321074936865
184	64	4.380091124458249
184	602	3.643076095329295
184	70	3.782126997074978
184	89	4.277490596060614
184	521	4.024873097378615
184	98	4.192650884282919
184	72	2.8898188030129206
184	258	3.4610892941443865
184	52	3.9448966469195867
184	478	4.089380421863053
184	412	2.6054099588698656
184	250	3.1780407437465774
184	77	3.106960503051318
184	553	3.3328164224135826
417	436	3.4275958370337007
417	769	2.4989843077953258
417	628	3.7054469112349495
417	1036	2.785512807987564
417	1135	2.862676646341217
417	135	3.909901501966792
417	235	3.051725150299097
417	120	2.0932883841376038
417	208	3.9508264865205933
417	979	3.2723735705036994
417	551	2.434457643480318
417	23	4.284757249747203
417	1039	4.075050875326159
417	99	3.731401792229209
417	742	3.415848976069248
417	226	3.1997796074869407
417	578	2.8500584525204165
417	67	2.8331910872759236
417	636	3.4298824868572666
417	597	3.1440743262469035
417	3	2.7959756994556244
417	29	2.480458078968343
417	47	3.6947408573244993
417	131	3.583667002446989
417	32	3.9071768348237113
417	195	4.125520101148995
417	42	3.9849962570986093
417	423	3.7927645275592945
417	762	3.6198831965390164
417	1044	3.0392378449315727
417	147	3.50623913717133
417	747	3.4484808784312677
417	403	3.480827446473074
417	588	3.8015258411001143
417	1047	2.680835403848822
417	545	2.026626236124007
417	631	3.555770300245399
417	200	4.097955772809012
417	614	3.772768555835154
417	83	4.174691959343692
417	425	3.666442714826831
417	11	4.085319422164539
417	725	2.340351286832038
417	684	3.752099775675369
417	207	3.718646857036927
417	64	4.45502803713065
417	159	3.093345759439647
417	658	3.517864952978169
417	12	4.5435274509092585
417	541	2.7539349300911025
417	544	3.272674132300379
417	563	2.328587691700354
417	98	4.393849598556172
417	127	4.365177719760328
417	1095	2.8994488793730024
417	552	2.8316167832833936
417	1023	2.646697373742478
417	132	3.9747474630108877
417	710	3.649822925420187
417	1209	2.322201560923552
417	196	3.8968867516484975
417	781	3.578102418005151
140	880	2.797185212371491
140	872	2.7887343517027676
140	258	3.833333333333333
140	325	2.2883662104044107
140	268	3.5853019500169316
140	322	2.8629957846999847
140	289	2.9261261123052593
140	334	3.3943261018533417
140	332	3.2389622495777823
140	301	2.9732005050806527
140	319	2.9275781648264116
208	367	3.4663187693051776
208	663	3.774005029119656
208	216	4.13530616820469
208	56	3.8444800913630175
208	435	4.1706071247786545
208	208	4.096310491428534
208	197	3.9414824142155447
208	202	3.475500776417918
208	514	3.7316780608429787
208	524	4.234820202541363
208	88	3.7023732209561917
208	186	3.653272975977237
208	70	3.4485336262717743
208	662	3.4994720063752838
208	302	3.9959838093564524
208	204	3.652145816558735
208	430	4.105402705774389
208	381	3.4125235965649416
208	211	3.9178087317867014
208	428	3.4858378462386197
208	523	3.721183789984648
208	402	3.565416649664646
283	216	3.940305667866491
283	588	3.8421696428700605
283	432	4.067419598761957
283	1487	2.789425803293741
283	24	3.4217040679637862
283	95	3.8177396770396257
283	659	4.047117988798093
283	407	2.189362519051108
283	238	4.090095376601421
283	1114	3.03004361613852
283	627	3.129934858488861
283	186	3.8824904157915947
283	845	3.552303168034064
283	83	4.26895010607697
283	194	4.149116911218057
283	70	3.512006790911432
283	50	4.285480461181017
283	210	3.8376679981451685
283	709	3.935766635917157
283	455	3.1942208982003293
283	288	3.4293974620960315
283	676	3.313645497471687
283	209	4.3391153657745285
283	42	4.057523883359562
283	125	3.397533073823976
385	221	3.670775362847774
385	337	2.8614852893784013
385	1129	3.3316220771357146
385	216	3.872272615570056
385	942	3.4909592160428007
385	1353	2.785362580882139
385	922	3.8153772956593635
385	629	3.432277550846805
385	1135	2.8115447343727986
385	367	3.189544111636056
385	1010	3.5122286222177364
385	458	3.222565147238971
385	1536	0
385	705	3.9734176393714495
385	340	3.413679027400484
385	56	4.22327017984136
385	485	3.7183330652411763
385	524	4.328141521502376
385	99	3.4671819489505964
385	171	3.9983616014852146
385	257	3.6265135170267375
385	114	4.596423823127136
385	1021	3.5529130960573037
385	663	4.033920192874873
385	325	2.982788438599404
385	156	4.155944729476908
385	181	3.4922323130711943
385	489	4.1296777879068465
385	606	4.184154583159016
385	262	3.9638589651781357
385	1411	2.559230489309791
385	661	4.182572345862503
385	500	3.8700926332135244
385	286	3.4598240440765515
385	218	3.3438762743735264
385	195	3.8189407694021766
385	42	3.6611624688552307
385	503	3.636032111341589
385	462	4.039010999308049
385	293	3.8419361475577642
385	172	3.9086917002722514
385	767	1.7599716965799943
385	403	3.111659219863155
385	965	3.98091804559338
